time,x,y,z,phi,theta,psi,x_velocity,y_velocity,z_velocity,phi_velocity,theta_velocity,psi_velocity,rotor_speed1,rotor_speed2,rotor_speed3,rotor_speed4
0.06,2.54298683788e-08,1.47110134296e-08,10.0051773311,1.69246303106e-05,6.28315350513,0.0,2.61621700611e-06,1.4511942057e-06,0.172566605465,0.000840397612167,-0.00161184901871,0.0,458.2165384870213,458.08841932596994,460.5074413588467,460.5738945026394
0.12000000000000001,1.56529285429e-06,7.36812171679e-07,10.0260970836,6.28296519341,6.28307542577,0.0,6.08763577164e-05,1.28541168907e-05,0.524664138469,-0.0158566386184,-0.000687336696786,0.0,510.5662722314947,510.6322454859797,511.4551401037728,510.2648353143323
0.18,7.90120987884e-06,-7.60185152468e-06,10.0633984815,6.28219111345,6.28311201641,0.0,0.000150441745916,-0.00039011303526,0.718613551577,-0.00756391580783,0.00308579162008,0.0,466.54628958047465,466.8407363194868,465.12398743641256,465.7730123922274
0.23999999999999996,1.790376847e-05,-5.47545071464e-05,10.1115357517,6.28225697037,6.2831422314,0.0,0.00017026840577,-0.00119874289001,0.885847106689,0.014401074699,-0.00523877465028,0.0,458.45731938423387,457.79549833247347,457.57267428371676,459.3177115642859
0.3,3.05779711046e-05,-0.0001442938889,10.1703122953,0.000175588526215,6.28257971333,0.0,0.000300683194135,-0.00167153548307,1.07321382788,0.0253877454823,-0.0192948654987,0.0,464.9419659337852,463.8396623968853,464.38470059180617,465.2455260744644
0.36000000000000004,6.44618543688e-05,-0.000235743725009,10.2364982766,0.00159887057713,6.28154592418,0.0,0.000933686412312,-0.00123511099169,1.13292778704,0.0201614132076,-0.0133904954109,0.0,424.86975118057876,425.37566935504896,425.3028642849522,424.8551398843501
0.4200000000000001,0.000153374075758,-0.000274607163758,10.3061626775,0.00244542915408,6.28190218716,0.0,0.00203676854307,4.17271872139e-05,1.18916162283,-0.00213864481934,0.0293628180401,0.0,421.88362238116827,425.55866931246777,425.4160627118073,423.50242828752846
0.48000000000000015,0.000294205967815,-0.000222875576227,10.380119309,0.0024814462604,0.00108327688345,0.0,0.00244581808091,0.00167831311727,1.27596640306,0.00558183720665,0.0543762032068,0.0,432.33755414704365,434.4404995575058,434.5237402763892,435.170401234914
0.5400000000000001,0.000401191751471,-6.22802199045e-05,10.4625669556,0.00242933837435,0.00438322705301,0.0,0.000739391893931,0.00369641087825,1.47205590617,-0.0186720874114,0.0562163993152,0.0,468.2742616712294,468.41923335978817,468.5839466882949,466.694913019785
0.6000000000000002,0.000332857416604,0.000209288707567,10.555645258,0.000938146559537,0.00813090780906,0.0,-0.00341248223725,0.00521581701398,1.6303399768,-0.041590319248,0.0726858698357,0.0,456.01444349030936,457.3306636460716,458.5059810517397,456.6815764805084
0.6600000000000003,-4.89764000325e-05,0.000531642461485,10.6556091939,6.28159416721,0.0125913937633,0.0,-0.0097457553824,0.00528368081293,1.7016834529,-0.0433079464612,0.0774607424686,0.0,430.5864297726805,430.99465798910654,430.0033496360464,429.8568014557075
0.7200000000000003,-0.000903786490013,0.00080721838987,10.7601335831,6.27917677946,0.0169999749183,0.0,-0.0191966371943,0.00365441988361,1.78233340406,-0.0348510142998,0.0640034384914,0.0,433.50289111903857,432.3749988770218,433.90226044445313,434.61070385280146
0.7800000000000004,-0.00239451050131,0.000942530092501,10.8685447034,6.27724285492,0.020946412779,0.0,-0.0308606730572,0.000666707035078,1.83128546521,-0.027451459906,0.0690971171958,0.0,423.40735075516335,423.84874693738334,423.2493230931447,423.8851894450782
0.8400000000000004,-0.00471315783743,0.000848095670434,10.9822715137,6.27549587556,0.0248294139532,0.0,-0.0468510945081,-0.00399302833426,1.95938624436,-0.0326726393288,0.0540817744772,0.0,449.76441987259494,448.54972773922833,449.11543409458017,448.69153893630113
0.9000000000000005,-0.00802185636196,0.000451462081316,11.1017360528,6.27394855434,0.0282038717843,0.0,-0.0637559271287,-0.0093938754817,2.02264470199,-0.0147110431933,0.0602414755491,0.0,429.1537874215229,429.67854448086456,427.72808393893615,429.25473463299033
0.9600000000000005,-0.0125224034999,-0.000331998248958,11.2288132347,6.27295217406,0.0314157654725,0.0,-0.086652220539,-0.016826069329,2.21289896082,-0.0206951279545,0.0346678831528,0.0,469.530006219635,467.543504946992,468.9288091768394,468.46385467911523
1.0200000000000005,-0.0183936186474,-0.00156251247658,11.3650574716,6.27184189304,0.0332599098803,0.0,-0.109253901693,-0.024310875441,2.32833815814,-0.0144491969658,0.0214077574573,0.0,447.76193475951385,446.6822301521431,445.7351609208897,446.24533717281525
1.0800000000000005,-0.0257388143765,-0.00329184216207,11.5106629449,6.27129712267,0.0347673526327,0.0,-0.135735590796,-0.0334086700038,2.5247566124,-6.4379905451e-05,0.0316769650245,0.0,471.52572268736355,472.3184158418759,470.8824554872398,471.9940009414267
1.1400000000000006,-0.0346211384168,-0.00554531959708,11.6654994722,6.27191937503,0.0364602084908,0.0,-0.160520769466,-0.041666406048,2.63620209635,0.0257069816549,0.0201905764051,0.0,446.5781417958105,445.6404537875861,446.3841986297129,448.4822057244008
1.2000000000000006,-0.0450007963815,-0.00826917021266,11.8263994898,6.27345861783,0.0376715666969,0.0,-0.18558235447,-0.0489712576488,2.7269144639,0.0255479805968,0.0201867576732,0.0,440.4304754285657,440.4301384707879,441.19492938627724,441.18192857532813
1.2600000000000007,-0.056915334144,-0.0114015836058,11.9929109746,6.27461631861,0.0388144107175,0.0,-0.211680147374,-0.0552993093779,2.82322940631,0.00227745477181,0.0166655418603,0.0,442.59978537808826,442.30984417392096,444.58993249644067,442.6791808428199
1.3200000000000007,-0.0704598555966,-0.0149042904963,12.1662597824,6.27468712994,0.0395894468717,0.0,-0.239887807266,-0.061443608282,2.95472671978,-0.00111016652752,0.00410643979344,0.0,455.0892712230016,454.0827799379076,454.531400344828,454.25980707011024
1.3800000000000008,-0.0858898788614,-0.0188102432265,12.3519977142,6.27602949346,0.040223328377,0.0,-0.274477188895,-0.0686399053614,3.23578042704,0.0486791454218,0.0210803960455,0.0,498.2877547767647,499.52694979395864,497.17912653955307,500.81376531420125
1.4400000000000008,-0.103195681525,-0.0230647324273,12.549133758,6.27943648633,0.0419003161134,0.0,-0.302524935365,-0.0728487882664,3.33512842916,0.0694058318827,0.0390083868057,0.0,445.7846426292457,447.2474377128044,446.35294372410715,448.0433916749552
1.5000000000000009,-0.122140774797,-0.0274913632715,12.7502869652,0.000595446302226,0.0444783283734,0.0,-0.329202790669,-0.0743123135543,3.36986390714,0.0778100075565,0.0498942260754,0.0,427.19790243517815,428.12624193782597,425.6522833238403,426.3752012175076
1.560000000000001,-0.14296998126,-0.0319152284661,12.9586888574,0.004761167151,0.0476060830961,0.0,-0.365437519961,-0.0726188827331,3.57622005591,0.0419786659856,0.0562600381527,0.0,480.49077981681387,480.97467808718295,480.5594004150098,477.83855358913684
1.620000000000001,-0.165992936037,-0.0361539745322,13.1782709631,0.00749991918281,0.0516736286239,0.0,-0.402392782345,-0.0683810558875,3.74262341935,0.0521209707892,0.0842973296916,0.0,468.7016482643888,470.87868725127294,468.84463334458616,469.63308865655176
1.680000000000001,-0.191207730313,-0.040092804256,13.4054799353,0.0109505715341,0.0564359985621,0.0,-0.438580093091,-0.0625849428423,3.83067942658,0.0665513868037,0.0670526601978,0.0,446.77863346731897,445.3752697913961,446.88023589714356,448.05724548658736
1.740000000000001,-0.218714407055,-0.0436054981583,13.6384459556,0.0147234824107,0.0600469205553,0.0,-0.478687460145,-0.0541103379626,3.93446498804,0.0542946536985,0.0406305128596,0.0,453.53625941167587,451.41133625900477,452.7388250617848,451.7542833892148
1.8000000000000012,-0.248758775574,-0.0465178113136,13.8786575169,0.0184938333555,0.0623792646213,0.0,-0.523021081627,-0.0425927825317,4.07207396412,0.0759968259046,0.0351024341187,0.0,463.34110857875703,462.90695031958376,463.02022850180805,464.72712420644535
1.8600000000000012,-0.281408383904,-0.0486848880464,14.1254457303,0.022800002925,0.0648385970773,0.0,-0.565511733521,-0.0292078410467,4.15387121517,0.0615905034,0.0507250930065,0.0,446.39171403952577,447.6656990341566,448.3684860135557,447.2003186228775
1.9200000000000013,-0.316667499451,-0.0499641854925,14.3771941504,0.0264154219057,0.0696586721347,0.0,-0.610194217335,-0.0130797705196,4.23738423402,0.057448174369,0.110127247918,0.0,446.27759024257097,451.104573235349,448.7690207893512,448.4351618218192
1.9800000000000013,-0.35481559051,-0.0501655972995,14.6353553617,0.0293935945395,0.0759925577937,0.0,-0.66206516362,0.00670176028013,4.36741918645,0.0255286392437,0.0943828846236,0.0,464.31807900057885,463.09028272330465,464.99085148993754,462.4846375169943
2.0400000000000014,-0.396217349278,-0.049120365672,14.901410907,0.0313167945689,0.0816318222438,0.0,-0.718558376381,0.0283094057854,4.50050459691,0.0426560749291,0.0931861097034,0.0,465.00089333165573,464.91418061656515,465.97451219033655,467.3119326451609
2.1000000000000014,-0.441030072826,-0.0467722906849,15.1742191484,0.0340199669446,0.0872962149778,0.0,-0.775737215771,0.0502115452636,4.59265188894,0.0494593764681,0.0967403753781,0.0,454.39663038055585,454.68883531965224,454.2638930608298,454.8102851065916
2.1600000000000015,-0.489666670551,-0.0429461347642,15.4556580239,0.0368779217103,0.0928601393854,0.0,-0.846073912731,0.0776344380554,4.78773746535,0.0437042122481,0.0831924408839,0.0,486.5631398378274,485.5540992441344,486.59798099261405,486.16807158288844
2.2200000000000015,-0.542281421171,-0.0375562170187,15.7448509353,0.0395936492362,0.0979291044923,0.0,-0.908213786842,0.102274670962,4.85166343354,0.0482079918733,0.0869444153831,0.0,448.32742165840233,448.6379754899603,448.5001406055959,448.86699322792106
2.2800000000000016,-0.599155804083,-0.0304597595376,16.0421999689,0.0428221588048,0.103042168691,0.0,-0.988119871624,0.134596348365,5.05894971549,0.0631461955447,0.0815217113283,0.0,492.50985603681085,492.11376272135925,491.6094036231085,492.7167250929372
2.3400000000000016,-0.660079493508,-0.0217053519383,16.3436650677,0.0467386656171,0.107591202377,0.0,-1.04307125366,0.157524316277,4.99010012529,0.0692232046377,0.0608579465471,0.0,408.5613626012979,406.7194661890252,407.9368196097265,408.48274673961913
2.4000000000000017,-0.724821332032,-0.01131587125,16.6451421305,0.0511654864541,0.111429923605,0.0,-1.11532648481,0.189191943215,5.0587228943,0.0816111691737,0.0695830233467,0.0,452.21577178235935,452.92103377042486,451.9830705803417,452.9845806406383
2.4600000000000017,-0.793846742521,0.00100228365945,16.9495594418,0.0559119849572,0.115744705873,0.0,-1.1858990865,0.221843286226,5.08826768164,0.0735665636128,0.0762052096815,0.0,441.6825310145008,442.23242898884826,440.51210474560804,439.8513318343984
2.520000000000002,-0.867261585231,0.0154012058423,17.2563450051,0.0611591966468,0.120416637322,0.0,-1.2616774465,0.258566602148,5.13755545371,0.106289709547,0.0809932005224,0.0,448.53181288738716,448.9253023232109,445.72421850450934,448.3968129962175
2.580000000000002,-0.945284820438,0.0320935269647,17.5658158875,0.0677880689823,0.125288228417,0.0,-1.33953236969,0.298431521995,5.17779447263,0.11776084993,0.0815899357765,0.0,445.0317306261965,445.08589489386037,446.11367084930833,447.0601453109936
2.640000000000002,-1.02874654975,0.0516698551088,17.8829666282,0.0745612880514,0.130443677614,0.0,-1.44300012546,0.354857404224,5.39267187569,0.10073329419,0.0934209405766,0.0,498.9285893425055,499.79687534102936,499.0309017467655,497.79595399856055
2.700000000000002,-1.11768042189,0.0742941257674,18.2064475033,0.0806341871096,0.136413084252,0.0,-1.52197155755,0.399800024982,5.38984154469,0.102160616856,0.109472826473,0.0,435.19834723467415,436.54869342855994,434.7006912922537,434.8294107419619
2.760000000000002,-1.21175775362,0.0998948737048,18.531851437,0.0873447117165,0.143324441286,0.0,-1.61455171514,0.4541431074,5.4563841452,0.126324806011,0.124684516871,0.0,457.43915045256426,458.6603679020282,456.58760214979833,458.52208210769436
2.820000000000002,-1.31140019238,0.128810521457,18.860312807,0.0947148614949,0.151150680359,0.0,-1.70754586633,0.510368040782,5.49186631708,0.114748892819,0.139981978724,0.0,449.1737802680014,450.4280813050609,449.27276788354857,448.34648573565755
2.880000000000002,-1.41709852805,0.161434337093,19.1929578453,0.101342781624,0.159038140456,0.0,-1.81649511614,0.577710298161,5.59544364278,0.100124556343,0.103097299993,0.0,472.7240395500745,469.8867440222991,472.01569598258357,470.89548358203194
2.940000000000002,-1.5289116916,0.197862599952,19.5281984259,0.107505806423,0.165383284558,0.0,-1.91115670515,0.637066005105,5.57904257323,0.107450828123,0.11059046844,0.0,434.96362164557513,435.60083083026774,435.11069389715846,435.7330979144929
3.000000000000002,-1.64612940705,0.237706613373,19.8601172402,0.115055329402,0.171710841795,0.0,-1.9966592642,0.69161709105,5.48510089454,0.148503206323,0.092471211996,0.0,410.578503523977,408.97802329039126,407.52845596187456,411.1970735079192
3.0600000000000023,-1.76981943702,0.281769507052,20.1934528105,0.123542899545,0.178143100117,0.0,-2.12687449968,0.77797195935,5.62496799296,0.121164593114,0.126819721759,0.0,482.8216326306896,485.415084283336,485.36364981657556,483.3235511015647
3.1200000000000023,-1.89998995561,0.330168819611,20.527003935,0.130641721628,0.185954670751,0.0,-2.21278603018,0.835873455761,5.49372752117,0.11190308199,0.13619925779,0.0,398.39024941012286,399.2647304062683,398.4261404800929,397.5926046698993
3.1800000000000024,-2.03616718607,0.382646151623,20.8565008689,0.137210826965,0.193814629135,0.0,-2.3271499728,0.913900140575,5.48909924685,0.104153142778,0.117787574946,0.0,441.5754613028985,440.069408213244,441.8363574085282,441.20747007888247
3.2400000000000024,-2.17904182352,0.43970083618,21.1841433277,0.143097662513,0.200612638991,0.0,-2.43594118072,0.988394242974,5.43220290118,0.0819321444199,0.102348322532,0.0,424.82833686255333,423.5141189626439,426.03028028030974,424.13417607615116
3.3000000000000025,-2.32873450602,0.501434875989,21.5091859899,0.148618332779,0.207204341764,0.0,-2.55437518959,1.06980936775,5.40229028092,0.106944046306,0.121742645386,0.0,433.9911591340329,435.6270353123308,432.07175808807204,434.1828476938019
3.3600000000000025,-2.48579884639,0.568246152114,21.8330588013,0.155410146885,0.214463356729,0.0,-2.68173256724,1.15774198545,5.39302678985,0.123428221249,0.119422108022,0.0,440.7534534545295,440.57493791254706,441.5800875631072,442.94938525805566
3.4200000000000026,-2.65066634813,0.640466429545,22.156442025,0.16247948807,0.221200682719,0.0,-2.81445718427,1.25015801092,5.38592369236,0.103220408325,0.0915775972626,0.0,444.71049574615523,442.43420614890266,443.6209670405564,441.97050501581856
3.4800000000000026,-2.82400153428,0.718619410727,22.481011374,0.169092856617,0.226759518141,0.0,-2.96384541286,1.35542578777,5.43228474988,0.121448177209,0.0947036226948,0.0,460.3128981118233,460.56716420363347,461.71612333648727,463.1622712400387
3.5400000000000027,-3.00584056869,0.802786944845,22.805848083,0.176277553107,0.232532401221,0.0,-3.09796663595,1.45069704989,5.39525814231,0.116103933749,0.0990754087653,0.0,435.52921287915893,435.90287338307087,436.48564591211436,436.0525158679133
3.6000000000000028,-3.19608976908,0.892968654864,23.1294587618,0.183084496087,0.238239851017,0.0,-3.24417943197,1.555860801,5.39119891684,0.107532229185,0.0857482101429,0.0,448.8705909632706,447.79506401451266,447.4665416197269,446.77939059512164
3.660000000000003,-3.39655503345,0.990568934644,23.45813676,0.189553242964,0.243276190505,0.0,-3.43833351634,1.69791839613,5.56313130583,0.108366607096,0.0800526775202,0.0,503.052086379567,502.6442751292846,503.7215359365558,503.7905976347592
3.720000000000003,-3.60732835781,1.09570962211,23.7912634585,0.196022284398,0.248166766279,0.0,-3.58787784748,1.80722099084,5.5406015182,0.106696581394,0.0842732149465,0.0,446.4047402867035,446.7544157306139,446.0282064555927,445.9019384824291
3.780000000000003,-3.82743064804,1.20770318189,24.1239623769,0.201886356569,0.254118358152,0.0,-3.74933772527,1.92630476229,5.54863330558,0.0660885754801,0.118978478671,0.0,455.711915000363,458.48589225905175,459.2769390129438,456.0512849429082
3.840000000000003,-4.05787368237,1.32732731917,24.4590430947,0.205667908362,0.261374786314,0.0,-3.93266842232,2.06129133363,5.61956295177,0.0560664972419,0.124597659226,0.0,479.4211953866572,479.8600493401196,478.5008813620468,477.73970907993186
3.900000000000003,-4.29827047244,1.45418536648,24.7939093277,0.209864284476,0.2691704111,0.0,-4.08123061388,2.16752019888,5.54235763993,0.0887649211482,0.138876721004,0.0,432.5646509840287,433.7815463829315,431.7166138207994,434.4711175065369
3.960000000000003,-4.54797478953,1.58765955277,25.1249725844,0.214800188851,0.277688802123,0.0,-4.24295877183,2.28189530222,5.49252968366,0.0642794051958,0.147534683671,0.0,443.5560445671656,444.2854156710053,443.51136480571984,441.50052865310823
4.020000000000002,-4.80717176009,1.72777525835,25.4517133727,0.218299925738,0.287015100422,0.0,-4.39771862896,2.38880144642,5.39852856636,0.0424705264669,0.167804355806,0.0,428.3329186609268,430.07712952115685,430.4074790046241,428.5596378799312
4.080000000000001,-5.07610092529,1.87453895136,25.7736818862,0.220704573669,0.296973633703,0.0,-4.56741656232,2.50334998784,5.33322302999,0.0348027249881,0.162047052873,0.0,439.94547238133094,439.4950150861226,440.6138899663813,439.98018069168074
4.14,-5.35633418105,2.0288587086,26.0946523928,0.222901159966,0.306784765442,0.0,-4.77446058954,2.64051843222,5.36460049513,0.0399981415189,0.166307366195,0.0,472.60841530756744,472.96044984695163,473.274432992773,473.67475617710755
4.199999999999998,-5.64878120412,2.19113126413,26.4161449288,0.225785675399,0.316327063006,0.0,-4.97455416346,2.76851989736,5.3508471851,0.0606655456605,0.137709773666,0.0,462.3683569425143,460.13166391294544,460.2205865610678,461.85520181728356
4.259999999999997,-5.95299287247,2.3608160396,26.7354650703,0.229172620921,0.324409790561,0.0,-5.16652106281,2.88770700936,5.29248397692,0.046300405778,0.127926415067,0.0,449.4396624820092,448.66229487273625,448.3025443554115,447.13556808999675
4.319999999999996,-6.26821339746,2.53722492135,27.0492872435,0.231853746499,0.332528664679,0.0,-5.34156459707,2.99265341144,5.1680172367,0.0412433874623,0.147034215265,0.0,426.4338686341547,428.0808879099661,426.76133253347774,426.3305658826195
4.379999999999995,-6.59468275787,2.72033343923,27.3572503541,0.234084961652,0.341219682318,0.0,-5.54148319746,3.110911266,5.09675128923,0.0275027326475,0.140085637795,0.0,446.6665255335379,446.1188174950916,446.551564039247,445.4295900946535
4.439999999999993,-6.93527792743,2.91181445741,27.6662087872,0.23701460342,0.349708340417,0.0,-5.81221310408,3.27150598255,5.19994527043,0.0736904642881,0.14412269665,0.0,504.008953125527,504.31672631131255,502.27129547543484,505.6116251455685
4.499999999999992,-7.29046704817,3.11176234216,27.9763086059,0.24157052795,0.358306779407,0.0,-6.02811846027,3.39348822298,5.13582731635,0.0800733207409,0.141626603369,0.0,454.9349257915634,454.7536019948324,453.8153808486717,454.33197165432705
4.559999999999991,-7.6594271826,3.31947501265,28.2841258477,0.246519796388,0.366281087568,0.0,-6.27115144856,3.53028671955,5.12342084101,0.0869229040545,0.10315572894,0.0,474.9479108269751,472.0014917089453,473.7708050929031,474.3023448369925
4.6199999999999894,-8.04238419164,3.53496042308,28.5891875513,0.25146932668,0.372658927813,0.0,-6.49464107695,3.65266721634,5.04450087377,0.0717080361436,0.111933501714,0.0,454.2937635412781,455.0068380132744,454.6123894208779,453.39654767937634
4.679999999999988,-8.43906726483,3.75793132364,28.8898460146,0.255932198934,0.378962052164,0.0,-6.72868444335,3.77970622163,4.976519594,0.0792506118293,0.0854659868039,0.0,460.85552462771676,458.7669991750301,459.74527078937416,460.34677904049
4.739999999999987,-8.84848014105,3.98762687299,29.1828032291,0.261326500009,0.384484315036,0.0,-6.91913427313,3.87700917209,4.7886682493,0.105472015998,0.10269827157,0.0,418.582422162198,420.0874440472465,418.1918397698659,420.4774475828727
4.799999999999986,-9.27159041875,4.22456072007,29.4695159065,0.267887139246,0.391001490051,0.0,-7.1849758536,4.02086143254,4.76697558467,0.116134345986,0.118398917077,0.0,477.2302799003269,478.4369075879794,477.65014043065946,478.47238224344846
4.859999999999984,-9.70689805977,4.46767041472,29.7456701763,0.274823953384,0.398527205164,0.0,-7.32632938008,4.08317205491,4.43892726596,0.11455215322,0.136687981126,0.0,366.33517703000496,368.16770242711027,366.70600921514705,366.56379303442753
4.919999999999983,-10.1552036566,4.71736574918,30.0120743435,0.282052926796,0.407434541646,0.0,-7.61769912487,4.2399969132,4.43929994273,0.130274325155,0.165195605168,0.0,486.71539708250054,488.8628554436335,486.63736915611076,487.8246984094691
4.979999999999982,-10.6199570333,4.97573274423,30.2755737969,0.290134360419,0.417196916973,0.0,-7.8747835698,4.3723323334,4.34265680508,0.142307537451,0.157202333698,0.0,460.23116679233317,459.6220661831653,458.02933594266267,459.00165213764416
5.0399999999999805,-11.1000821025,5.24193619256,30.5325822702,0.29901800846,0.426813846132,0.0,-8.1300860063,4.50125041689,4.22301718801,0.157604826452,0.165815862564,0.0,454.2563368552114,454.97046281440964,453.4999448641818,454.7472835494489
